Monte Carlo
2.5
-0.15058139641383594
1.605563157172154e-05

5.0
-0.2813778239775324
7.987369837895489e-05

7.5
0.014302361283970217
0.0008986942798154395

10.0
0.013263391922357199
0.00040418747891210574

20.0
-0.0004048556277613035
3.5778929067809714e-05

40.0
-0.0035401217820295785
3.116908680563065e-05



QMC:
2.5
-0.15057949123973952
4.701452954031238e-07

5.0
-0.28136162587964164
4.370851761886785e-06

7.5
0.014646636914077577
1.0785618762379143e-05

10.0
0.013189945223117604
6.8231123274264255e-06

20.0
-0.00041592184806514847
4.40254822476775e-07

40.0
-0.0035977346963986393
1.3169896837337408e-6
